6 5 4 3 2 1 
1 1 1 1 1 1 
6 5 4 3 2 1 
1 2 2 2 2 2 
6 5 4 3 2 1 
1 1 2 2 2 2 
6 5 4 3 2 1 
1 1 1 2 2 2 
6 5 4 3 2 1 
1 1 1 1 2 2 
6 5 4 3 2 1 
1 1 1 1 1 2 
6 5 4 3 2 1 
1 2 2 2 2 3 
6 5 4 3 2 1 
1 1 2 2 2 3 
6 5 4 3 2 1 
1 1 1 2 2 3 
6 5 4 3 2 1 
1 1 1 1 2 3 
6 5 4 3 2 1 
1 1 1 1 1 3 
6 5 4 3 2 1 
1 2 2 2 3 2 
6 5 4 3 2 1 
1 1 2 2 3 2 
6 5 4 3 2 1 
1 1 1 2 3 2 
6 5 4 3 2 1 
1 1 1 1 3 2 
6 5 4 3 2 1 
1 2 2 2 3 3 
6 5 4 3 2 1 
1 1 2 2 3 3 
6 5 4 3 2 1 
1 1 1 2 3 3 
6 5 4 3 2 1 
1 1 1 1 3 3 
6 5 4 3 2 1 
1 2 2 3 2 2 
6 5 4 3 2 1 
1 1 2 3 2 2 
6 5 4 3 2 1 
1 1 1 3 2 2 
6 5 4 3 2 1 
1 2 2 3 2 3 
6 5 4 3 2 1 
1 1 2 3 2 3 
6 5 4 3 2 1 
1 1 1 3 2 3 
6 5 4 3 2 1 
1 2 2 3 3 2 
6 5 4 3 2 1 
1 1 2 3 3 2 
6 5 4 3 2 1 
1 1 1 3 3 2 
6 5 4 3 2 1 
1 2 2 3 3 3 
6 5 4 3 2 1 
1 1 2 3 3 3 
6 5 4 3 2 1 
1 1 1 3 3 3 
6 5 4 3 2 1 
1 2 3 2 2 2 
6 5 4 3 2 1 
1 1 3 2 2 2 
6 5 4 3 2 1 
1 2 3 2 2 3 
6 5 4 3 2 1 
1 1 3 2 2 3 
6 5 4 3 2 1 
1 2 3 2 3 2 
6 5 4 3 2 1 
1 1 3 2 3 2 
6 5 4 3 2 1 
1 2 3 2 3 3 
6 5 4 3 2 1 
1 1 3 2 3 3 
6 5 4 3 2 1 
1 2 3 3 2 2 
6 5 4 3 2 1 
1 1 3 3 2 2 
6 5 4 3 2 1 
1 2 3 3 2 3 
6 5 4 3 2 1 
1 1 3 3 2 3 
6 5 4 3 2 1 
1 2 3 3 3 2 
6 5 4 3 2 1 
1 1 3 3 3 2 
6 5 4 3 2 1 
1 2 3 3 3 3 
6 5 4 3 2 1 
1 1 3 3 3 3 
6 5 4 3 2 1 
1 3 2 2 2 2 
6 5 4 3 2 1 
1 3 2 2 2 3 
6 5 4 3 2 1 
1 3 2 2 3 2 
6 5 4 3 2 1 
1 3 2 2 3 3 
6 5 4 3 2 1 
1 3 2 3 2 2 
6 5 4 3 2 1 
1 3 2 3 2 3 
6 5 4 3 2 1 
1 3 2 3 3 2 
6 5 4 3 2 1 
1 3 2 3 3 3 
6 5 4 3 2 1 
1 3 3 2 2 2 
6 5 4 3 2 1 
1 3 3 2 2 3 
6 5 4 3 2 1 
1 3 3 2 3 2 
6 5 4 3 2 1 
1 3 3 2 3 3 
6 5 4 3 2 1 
1 3 3 3 2 2 
6 5 4 3 2 1 
1 3 3 3 2 3 
6 5 4 3 2 1 
1 3 3 3 3 2 
6 5 4 3 2 1 
1 3 3 3 3 3 