5 4 3 2 1 
1 1 1 1 1 
5 4 3 2 1 
1 2 2 2 2 
5 4 3 2 1 
1 1 2 2 2 
5 4 3 2 1 
1 1 1 2 2 
5 4 3 2 1 
1 1 1 1 2 
5 4 3 2 1 
1 2 2 2 3 
5 4 3 2 1 
1 1 2 2 3 
5 4 3 2 1 
1 1 1 2 3 
5 4 3 2 1 
1 1 1 1 3 
5 4 3 2 1 
1 2 2 3 2 
5 4 3 2 1 
1 1 2 3 2 
5 4 3 2 1 
1 1 1 3 2 
5 4 3 2 1 
1 2 2 3 3 
5 4 3 2 1 
1 1 2 3 3 
5 4 3 2 1 
1 1 1 3 3 
5 4 3 2 1 
1 2 3 2 2 
5 4 3 2 1 
1 1 3 2 2 
5 4 3 2 1 
1 2 3 2 3 
5 4 3 2 1 
1 1 3 2 3 
5 4 3 2 1 
1 2 3 3 2 
5 4 3 2 1 
1 1 3 3 2 
5 4 3 2 1 
1 2 3 3 3 
5 4 3 2 1 
1 1 3 3 3 
5 4 3 2 1 
1 3 2 2 2 
5 4 3 2 1 
1 3 2 2 3 
5 4 3 2 1 
1 3 2 3 2 
5 4 3 2 1 
1 3 2 3 3 
5 4 3 2 1 
1 3 3 2 2 
5 4 3 2 1 
1 3 3 2 3 
5 4 3 2 1 
1 3 3 3 2 
5 4 3 2 1 
1 3 3 3 3 