9 8 7 6 5 4 3 2 1 
1 1 1 1 1 1 1 1 1 
9 8 7 6 5 4 3 2 1 
1 2 2 2 2 2 2 2 2 
9 8 7 6 5 4 3 2 1 
1 1 2 2 2 2 2 2 2 
9 8 7 6 5 4 3 2 1 
1 1 1 2 2 2 2 2 2 
9 8 7 6 5 4 3 2 1 
1 1 1 1 2 2 2 2 2 
9 8 7 6 5 4 3 2 1 
1 1 1 1 1 2 2 2 2 
9 8 7 6 5 4 3 2 1 
1 1 1 1 1 1 2 2 2 
9 8 7 6 5 4 3 2 1 
1 1 1 1 1 1 1 2 2 
9 8 7 6 5 4 3 2 1 
1 1 1 1 1 1 1 1 2 
9 8 7 6 5 4 3 2 1 
1 2 2 2 2 2 2 2 3 
9 8 7 6 5 4 3 2 1 
1 1 2 2 2 2 2 2 3 
9 8 7 6 5 4 3 2 1 
1 1 1 2 2 2 2 2 3 
9 8 7 6 5 4 3 2 1 
1 1 1 1 2 2 2 2 3 
9 8 7 6 5 4 3 2 1 
1 1 1 1 1 2 2 2 3 
9 8 7 6 5 4 3 2 1 
1 1 1 1 1 1 2 2 3 
9 8 7 6 5 4 3 2 1 
1 1 1 1 1 1 1 2 3 
9 8 7 6 5 4 3 2 1 
1 1 1 1 1 1 1 1 3 
9 8 7 6 5 4 3 2 1 
1 2 2 2 2 2 2 3 2 
9 8 7 6 5 4 3 2 1 
1 1 2 2 2 2 2 3 2 
9 8 7 6 5 4 3 2 1 
1 1 1 2 2 2 2 3 2 
9 8 7 6 5 4 3 2 1 
1 1 1 1 2 2 2 3 2 
9 8 7 6 5 4 3 2 1 
1 1 1 1 1 2 2 3 2 
9 8 7 6 5 4 3 2 1 
1 1 1 1 1 1 2 3 2 
9 8 7 6 5 4 3 2 1 
1 1 1 1 1 1 1 3 2 
9 8 7 6 5 4 3 2 1 
1 2 2 2 2 2 2 3 3 
9 8 7 6 5 4 3 2 1 
1 1 2 2 2 2 2 3 3 
9 8 7 6 5 4 3 2 1 
1 1 1 2 2 2 2 3 3 
9 8 7 6 5 4 3 2 1 
1 1 1 1 2 2 2 3 3 
9 8 7 6 5 4 3 2 1 
1 1 1 1 1 2 2 3 3 
9 8 7 6 5 4 3 2 1 
1 1 1 1 1 1 2 3 3 
9 8 7 6 5 4 3 2 1 
1 1 1 1 1 1 1 3 3 
9 8 7 6 5 4 3 2 1 
1 2 2 2 2 2 3 2 2 
9 8 7 6 5 4 3 2 1 
1 1 2 2 2 2 3 2 2 
9 8 7 6 5 4 3 2 1 
1 1 1 2 2 2 3 2 2 
9 8 7 6 5 4 3 2 1 
1 1 1 1 2 2 3 2 2 
9 8 7 6 5 4 3 2 1 
1 1 1 1 1 2 3 2 2 
9 8 7 6 5 4 3 2 1 
1 1 1 1 1 1 3 2 2 
9 8 7 6 5 4 3 2 1 
1 2 2 2 2 2 3 2 3 
9 8 7 6 5 4 3 2 1 
1 1 2 2 2 2 3 2 3 
9 8 7 6 5 4 3 2 1 
1 1 1 2 2 2 3 2 3 
9 8 7 6 5 4 3 2 1 
1 1 1 1 2 2 3 2 3 
9 8 7 6 5 4 3 2 1 
1 1 1 1 1 2 3 2 3 
9 8 7 6 5 4 3 2 1 
1 1 1 1 1 1 3 2 3 
9 8 7 6 5 4 3 2 1 
1 2 2 2 2 2 3 3 2 
9 8 7 6 5 4 3 2 1 
1 1 2 2 2 2 3 3 2 
9 8 7 6 5 4 3 2 1 
1 1 1 2 2 2 3 3 2 
9 8 7 6 5 4 3 2 1 
1 1 1 1 2 2 3 3 2 
9 8 7 6 5 4 3 2 1 
1 1 1 1 1 2 3 3 2 
9 8 7 6 5 4 3 2 1 
1 1 1 1 1 1 3 3 2 
9 8 7 6 5 4 3 2 1 
1 2 2 2 2 2 3 3 3 
9 8 7 6 5 4 3 2 1 
1 1 2 2 2 2 3 3 3 
9 8 7 6 5 4 3 2 1 
1 1 1 2 2 2 3 3 3 
9 8 7 6 5 4 3 2 1 
1 1 1 1 2 2 3 3 3 
9 8 7 6 5 4 3 2 1 
1 1 1 1 1 2 3 3 3 
9 8 7 6 5 4 3 2 1 
1 1 1 1 1 1 3 3 3 
9 8 7 6 5 4 3 2 1 
1 2 2 2 2 3 2 2 2 
9 8 7 6 5 4 3 2 1 
1 1 2 2 2 3 2 2 2 
9 8 7 6 5 4 3 2 1 
1 1 1 2 2 3 2 2 2 
9 8 7 6 5 4 3 2 1 
1 1 1 1 2 3 2 2 2 
9 8 7 6 5 4 3 2 1 
1 1 1 1 1 3 2 2 2 
9 8 7 6 5 4 3 2 1 
1 2 2 2 2 3 2 2 3 
9 8 7 6 5 4 3 2 1 
1 1 2 2 2 3 2 2 3 
9 8 7 6 5 4 3 2 1 
1 1 1 2 2 3 2 2 3 
9 8 7 6 5 4 3 2 1 
1 1 1 1 2 3 2 2 3 
9 8 7 6 5 4 3 2 1 
1 1 1 1 1 3 2 2 3 
9 8 7 6 5 4 3 2 1 
1 2 2 2 2 3 2 3 2 
9 8 7 6 5 4 3 2 1 
1 1 2 2 2 3 2 3 2 
9 8 7 6 5 4 3 2 1 
1 1 1 2 2 3 2 3 2 
9 8 7 6 5 4 3 2 1 
1 1 1 1 2 3 2 3 2 
9 8 7 6 5 4 3 2 1 
1 1 1 1 1 3 2 3 2 
9 8 7 6 5 4 3 2 1 
1 2 2 2 2 3 2 3 3 
9 8 7 6 5 4 3 2 1 
1 1 2 2 2 3 2 3 3 
9 8 7 6 5 4 3 2 1 
1 1 1 2 2 3 2 3 3 
9 8 7 6 5 4 3 2 1 
1 1 1 1 2 3 2 3 3 
9 8 7 6 5 4 3 2 1 
1 1 1 1 1 3 2 3 3 
9 8 7 6 5 4 3 2 1 
1 2 2 2 2 3 3 2 2 
9 8 7 6 5 4 3 2 1 
1 1 2 2 2 3 3 2 2 
9 8 7 6 5 4 3 2 1 
1 1 1 2 2 3 3 2 2 
9 8 7 6 5 4 3 2 1 
1 1 1 1 2 3 3 2 2 
9 8 7 6 5 4 3 2 1 
1 1 1 1 1 3 3 2 2 
9 8 7 6 5 4 3 2 1 
1 2 2 2 2 3 3 2 3 
9 8 7 6 5 4 3 2 1 
1 1 2 2 2 3 3 2 3 
9 8 7 6 5 4 3 2 1 
1 1 1 2 2 3 3 2 3 
9 8 7 6 5 4 3 2 1 
1 1 1 1 2 3 3 2 3 
9 8 7 6 5 4 3 2 1 
1 1 1 1 1 3 3 2 3 
9 8 7 6 5 4 3 2 1 
1 2 2 2 2 3 3 3 2 
9 8 7 6 5 4 3 2 1 
1 1 2 2 2 3 3 3 2 
9 8 7 6 5 4 3 2 1 
1 1 1 2 2 3 3 3 2 
9 8 7 6 5 4 3 2 1 
1 1 1 1 2 3 3 3 2 
9 8 7 6 5 4 3 2 1 
1 1 1 1 1 3 3 3 2 
9 8 7 6 5 4 3 2 1 
1 2 2 2 2 3 3 3 3 
9 8 7 6 5 4 3 2 1 
1 1 2 2 2 3 3 3 3 
9 8 7 6 5 4 3 2 1 
1 1 1 2 2 3 3 3 3 
9 8 7 6 5 4 3 2 1 
1 1 1 1 2 3 3 3 3 
9 8 7 6 5 4 3 2 1 
1 1 1 1 1 3 3 3 3 
9 8 7 6 5 4 3 2 1 
1 2 2 2 3 2 2 2 2 
9 8 7 6 5 4 3 2 1 
1 1 2 2 3 2 2 2 2 
9 8 7 6 5 4 3 2 1 
1 1 1 2 3 2 2 2 2 
9 8 7 6 5 4 3 2 1 
1 1 1 1 3 2 2 2 2 
9 8 7 6 5 4 3 2 1 
1 2 2 2 3 2 2 2 3 
9 8 7 6 5 4 3 2 1 
1 1 2 2 3 2 2 2 3 
9 8 7 6 5 4 3 2 1 
1 1 1 2 3 2 2 2 3 
9 8 7 6 5 4 3 2 1 
1 1 1 1 3 2 2 2 3 
9 8 7 6 5 4 3 2 1 
1 2 2 2 3 2 2 3 2 
9 8 7 6 5 4 3 2 1 
1 1 2 2 3 2 2 3 2 
9 8 7 6 5 4 3 2 1 
1 1 1 2 3 2 2 3 2 
9 8 7 6 5 4 3 2 1 
1 1 1 1 3 2 2 3 2 
9 8 7 6 5 4 3 2 1 
1 2 2 2 3 2 2 3 3 
9 8 7 6 5 4 3 2 1 
1 1 2 2 3 2 2 3 3 
9 8 7 6 5 4 3 2 1 
1 1 1 2 3 2 2 3 3 
9 8 7 6 5 4 3 2 1 
1 1 1 1 3 2 2 3 3 
9 8 7 6 5 4 3 2 1 
1 2 2 2 3 2 3 2 2 
9 8 7 6 5 4 3 2 1 
1 1 2 2 3 2 3 2 2 
9 8 7 6 5 4 3 2 1 
1 1 1 2 3 2 3 2 2 
9 8 7 6 5 4 3 2 1 
1 1 1 1 3 2 3 2 2 
9 8 7 6 5 4 3 2 1 
1 2 2 2 3 2 3 2 3 
9 8 7 6 5 4 3 2 1 
1 1 2 2 3 2 3 2 3 
9 8 7 6 5 4 3 2 1 
1 1 1 2 3 2 3 2 3 
9 8 7 6 5 4 3 2 1 
1 1 1 1 3 2 3 2 3 
9 8 7 6 5 4 3 2 1 
1 2 2 2 3 2 3 3 2 
9 8 7 6 5 4 3 2 1 
1 1 2 2 3 2 3 3 2 
9 8 7 6 5 4 3 2 1 
1 1 1 2 3 2 3 3 2 
9 8 7 6 5 4 3 2 1 
1 1 1 1 3 2 3 3 2 
9 8 7 6 5 4 3 2 1 
1 2 2 2 3 2 3 3 3 
9 8 7 6 5 4 3 2 1 
1 1 2 2 3 2 3 3 3 
9 8 7 6 5 4 3 2 1 
1 1 1 2 3 2 3 3 3 
9 8 7 6 5 4 3 2 1 
1 1 1 1 3 2 3 3 3 
9 8 7 6 5 4 3 2 1 
1 2 2 2 3 3 2 2 2 
9 8 7 6 5 4 3 2 1 
1 1 2 2 3 3 2 2 2 
9 8 7 6 5 4 3 2 1 
1 1 1 2 3 3 2 2 2 
9 8 7 6 5 4 3 2 1 
1 1 1 1 3 3 2 2 2 
9 8 7 6 5 4 3 2 1 
1 2 2 2 3 3 2 2 3 
9 8 7 6 5 4 3 2 1 
1 1 2 2 3 3 2 2 3 
9 8 7 6 5 4 3 2 1 
1 1 1 2 3 3 2 2 3 
9 8 7 6 5 4 3 2 1 
1 1 1 1 3 3 2 2 3 
9 8 7 6 5 4 3 2 1 
1 2 2 2 3 3 2 3 2 
9 8 7 6 5 4 3 2 1 
1 1 2 2 3 3 2 3 2 
9 8 7 6 5 4 3 2 1 
1 1 1 2 3 3 2 3 2 
9 8 7 6 5 4 3 2 1 
1 1 1 1 3 3 2 3 2 
9 8 7 6 5 4 3 2 1 
1 2 2 2 3 3 2 3 3 
9 8 7 6 5 4 3 2 1 
1 1 2 2 3 3 2 3 3 
9 8 7 6 5 4 3 2 1 
1 1 1 2 3 3 2 3 3 
9 8 7 6 5 4 3 2 1 
1 1 1 1 3 3 2 3 3 
9 8 7 6 5 4 3 2 1 
1 2 2 2 3 3 3 2 2 
9 8 7 6 5 4 3 2 1 
1 1 2 2 3 3 3 2 2 
9 8 7 6 5 4 3 2 1 
1 1 1 2 3 3 3 2 2 
9 8 7 6 5 4 3 2 1 
1 1 1 1 3 3 3 2 2 
9 8 7 6 5 4 3 2 1 
1 2 2 2 3 3 3 2 3 
9 8 7 6 5 4 3 2 1 
1 1 2 2 3 3 3 2 3 
9 8 7 6 5 4 3 2 1 
1 1 1 2 3 3 3 2 3 
9 8 7 6 5 4 3 2 1 
1 1 1 1 3 3 3 2 3 
9 8 7 6 5 4 3 2 1 
1 2 2 2 3 3 3 3 2 
9 8 7 6 5 4 3 2 1 
1 1 2 2 3 3 3 3 2 
9 8 7 6 5 4 3 2 1 
1 1 1 2 3 3 3 3 2 
9 8 7 6 5 4 3 2 1 
1 1 1 1 3 3 3 3 2 
9 8 7 6 5 4 3 2 1 
1 2 2 2 3 3 3 3 3 
9 8 7 6 5 4 3 2 1 
1 1 2 2 3 3 3 3 3 
9 8 7 6 5 4 3 2 1 
1 1 1 2 3 3 3 3 3 
9 8 7 6 5 4 3 2 1 
1 1 1 1 3 3 3 3 3 
9 8 7 6 5 4 3 2 1 
1 2 2 3 2 2 2 2 2 
9 8 7 6 5 4 3 2 1 
1 1 2 3 2 2 2 2 2 
9 8 7 6 5 4 3 2 1 
1 1 1 3 2 2 2 2 2 
9 8 7 6 5 4 3 2 1 
1 2 2 3 2 2 2 2 3 
9 8 7 6 5 4 3 2 1 
1 1 2 3 2 2 2 2 3 
9 8 7 6 5 4 3 2 1 
1 1 1 3 2 2 2 2 3 
9 8 7 6 5 4 3 2 1 
1 2 2 3 2 2 2 3 2 
9 8 7 6 5 4 3 2 1 
1 1 2 3 2 2 2 3 2 
9 8 7 6 5 4 3 2 1 
1 1 1 3 2 2 2 3 2 
9 8 7 6 5 4 3 2 1 
1 2 2 3 2 2 2 3 3 
9 8 7 6 5 4 3 2 1 
1 1 2 3 2 2 2 3 3 
9 8 7 6 5 4 3 2 1 
1 1 1 3 2 2 2 3 3 
9 8 7 6 5 4 3 2 1 
1 2 2 3 2 2 3 2 2 
9 8 7 6 5 4 3 2 1 
1 1 2 3 2 2 3 2 2 
9 8 7 6 5 4 3 2 1 
1 1 1 3 2 2 3 2 2 
9 8 7 6 5 4 3 2 1 
1 2 2 3 2 2 3 2 3 
9 8 7 6 5 4 3 2 1 
1 1 2 3 2 2 3 2 3 
9 8 7 6 5 4 3 2 1 
1 1 1 3 2 2 3 2 3 
9 8 7 6 5 4 3 2 1 
1 2 2 3 2 2 3 3 2 
9 8 7 6 5 4 3 2 1 
1 1 2 3 2 2 3 3 2 
9 8 7 6 5 4 3 2 1 
1 1 1 3 2 2 3 3 2 
9 8 7 6 5 4 3 2 1 
1 2 2 3 2 2 3 3 3 
9 8 7 6 5 4 3 2 1 
1 1 2 3 2 2 3 3 3 
9 8 7 6 5 4 3 2 1 
1 1 1 3 2 2 3 3 3 
9 8 7 6 5 4 3 2 1 
1 2 2 3 2 3 2 2 2 
9 8 7 6 5 4 3 2 1 
1 1 2 3 2 3 2 2 2 
9 8 7 6 5 4 3 2 1 
1 1 1 3 2 3 2 2 2 
9 8 7 6 5 4 3 2 1 
1 2 2 3 2 3 2 2 3 
9 8 7 6 5 4 3 2 1 
1 1 2 3 2 3 2 2 3 
9 8 7 6 5 4 3 2 1 
1 1 1 3 2 3 2 2 3 
9 8 7 6 5 4 3 2 1 
1 2 2 3 2 3 2 3 2 
9 8 7 6 5 4 3 2 1 
1 1 2 3 2 3 2 3 2 
9 8 7 6 5 4 3 2 1 
1 1 1 3 2 3 2 3 2 
9 8 7 6 5 4 3 2 1 
1 2 2 3 2 3 2 3 3 
9 8 7 6 5 4 3 2 1 
1 1 2 3 2 3 2 3 3 
9 8 7 6 5 4 3 2 1 
1 1 1 3 2 3 2 3 3 
9 8 7 6 5 4 3 2 1 
1 2 2 3 2 3 3 2 2 
9 8 7 6 5 4 3 2 1 
1 1 2 3 2 3 3 2 2 
9 8 7 6 5 4 3 2 1 
1 1 1 3 2 3 3 2 2 
9 8 7 6 5 4 3 2 1 
1 2 2 3 2 3 3 2 3 
9 8 7 6 5 4 3 2 1 
1 1 2 3 2 3 3 2 3 
9 8 7 6 5 4 3 2 1 
1 1 1 3 2 3 3 2 3 
9 8 7 6 5 4 3 2 1 
1 2 2 3 2 3 3 3 2 
9 8 7 6 5 4 3 2 1 
1 1 2 3 2 3 3 3 2 
9 8 7 6 5 4 3 2 1 
1 1 1 3 2 3 3 3 2 
9 8 7 6 5 4 3 2 1 
1 2 2 3 2 3 3 3 3 
9 8 7 6 5 4 3 2 1 
1 1 2 3 2 3 3 3 3 
9 8 7 6 5 4 3 2 1 
1 1 1 3 2 3 3 3 3 
9 8 7 6 5 4 3 2 1 
1 2 2 3 3 2 2 2 2 
9 8 7 6 5 4 3 2 1 
1 1 2 3 3 2 2 2 2 
9 8 7 6 5 4 3 2 1 
1 1 1 3 3 2 2 2 2 
9 8 7 6 5 4 3 2 1 
1 2 2 3 3 2 2 2 3 
9 8 7 6 5 4 3 2 1 
1 1 2 3 3 2 2 2 3 
9 8 7 6 5 4 3 2 1 
1 1 1 3 3 2 2 2 3 
9 8 7 6 5 4 3 2 1 
1 2 2 3 3 2 2 3 2 
9 8 7 6 5 4 3 2 1 
1 1 2 3 3 2 2 3 2 
9 8 7 6 5 4 3 2 1 
1 1 1 3 3 2 2 3 2 
9 8 7 6 5 4 3 2 1 
1 2 2 3 3 2 2 3 3 
9 8 7 6 5 4 3 2 1 
1 1 2 3 3 2 2 3 3 
9 8 7 6 5 4 3 2 1 
1 1 1 3 3 2 2 3 3 
9 8 7 6 5 4 3 2 1 
1 2 2 3 3 2 3 2 2 
9 8 7 6 5 4 3 2 1 
1 1 2 3 3 2 3 2 2 
9 8 7 6 5 4 3 2 1 
1 1 1 3 3 2 3 2 2 
9 8 7 6 5 4 3 2 1 
1 2 2 3 3 2 3 2 3 
9 8 7 6 5 4 3 2 1 
1 1 2 3 3 2 3 2 3 
9 8 7 6 5 4 3 2 1 
1 1 1 3 3 2 3 2 3 
9 8 7 6 5 4 3 2 1 
1 2 2 3 3 2 3 3 2 
9 8 7 6 5 4 3 2 1 
1 1 2 3 3 2 3 3 2 
9 8 7 6 5 4 3 2 1 
1 1 1 3 3 2 3 3 2 
9 8 7 6 5 4 3 2 1 
1 2 2 3 3 2 3 3 3 
9 8 7 6 5 4 3 2 1 
1 1 2 3 3 2 3 3 3 
9 8 7 6 5 4 3 2 1 
1 1 1 3 3 2 3 3 3 
9 8 7 6 5 4 3 2 1 
1 2 2 3 3 3 2 2 2 
9 8 7 6 5 4 3 2 1 
1 1 2 3 3 3 2 2 2 
9 8 7 6 5 4 3 2 1 
1 1 1 3 3 3 2 2 2 
9 8 7 6 5 4 3 2 1 
1 2 2 3 3 3 2 2 3 
9 8 7 6 5 4 3 2 1 
1 1 2 3 3 3 2 2 3 
9 8 7 6 5 4 3 2 1 
1 1 1 3 3 3 2 2 3 
9 8 7 6 5 4 3 2 1 
1 2 2 3 3 3 2 3 2 
9 8 7 6 5 4 3 2 1 
1 1 2 3 3 3 2 3 2 
9 8 7 6 5 4 3 2 1 
1 1 1 3 3 3 2 3 2 
9 8 7 6 5 4 3 2 1 
1 2 2 3 3 3 2 3 3 
9 8 7 6 5 4 3 2 1 
1 1 2 3 3 3 2 3 3 
9 8 7 6 5 4 3 2 1 
1 1 1 3 3 3 2 3 3 
9 8 7 6 5 4 3 2 1 
1 2 2 3 3 3 3 2 2 
9 8 7 6 5 4 3 2 1 
1 1 2 3 3 3 3 2 2 
9 8 7 6 5 4 3 2 1 
1 1 1 3 3 3 3 2 2 
9 8 7 6 5 4 3 2 1 
1 2 2 3 3 3 3 2 3 
9 8 7 6 5 4 3 2 1 
1 1 2 3 3 3 3 2 3 
9 8 7 6 5 4 3 2 1 
1 1 1 3 3 3 3 2 3 
9 8 7 6 5 4 3 2 1 
1 2 2 3 3 3 3 3 2 
9 8 7 6 5 4 3 2 1 
1 1 2 3 3 3 3 3 2 
9 8 7 6 5 4 3 2 1 
1 1 1 3 3 3 3 3 2 
9 8 7 6 5 4 3 2 1 
1 2 2 3 3 3 3 3 3 
9 8 7 6 5 4 3 2 1 
1 1 2 3 3 3 3 3 3 
9 8 7 6 5 4 3 2 1 
1 1 1 3 3 3 3 3 3 
9 8 7 6 5 4 3 2 1 
1 2 3 2 2 2 2 2 2 
9 8 7 6 5 4 3 2 1 
1 1 3 2 2 2 2 2 2 
9 8 7 6 5 4 3 2 1 
1 2 3 2 2 2 2 2 3 
9 8 7 6 5 4 3 2 1 
1 1 3 2 2 2 2 2 3 
9 8 7 6 5 4 3 2 1 
1 2 3 2 2 2 2 3 2 
9 8 7 6 5 4 3 2 1 
1 1 3 2 2 2 2 3 2 
9 8 7 6 5 4 3 2 1 
1 2 3 2 2 2 2 3 3 
9 8 7 6 5 4 3 2 1 
1 1 3 2 2 2 2 3 3 
9 8 7 6 5 4 3 2 1 
1 2 3 2 2 2 3 2 2 
9 8 7 6 5 4 3 2 1 
1 1 3 2 2 2 3 2 2 
9 8 7 6 5 4 3 2 1 
1 2 3 2 2 2 3 2 3 
9 8 7 6 5 4 3 2 1 
1 1 3 2 2 2 3 2 3 
9 8 7 6 5 4 3 2 1 
1 2 3 2 2 2 3 3 2 
9 8 7 6 5 4 3 2 1 
1 1 3 2 2 2 3 3 2 
9 8 7 6 5 4 3 2 1 
1 2 3 2 2 2 3 3 3 
9 8 7 6 5 4 3 2 1 
1 1 3 2 2 2 3 3 3 
9 8 7 6 5 4 3 2 1 
1 2 3 2 2 3 2 2 2 
9 8 7 6 5 4 3 2 1 
1 1 3 2 2 3 2 2 2 
9 8 7 6 5 4 3 2 1 
1 2 3 2 2 3 2 2 3 
9 8 7 6 5 4 3 2 1 
1 1 3 2 2 3 2 2 3 
9 8 7 6 5 4 3 2 1 
1 2 3 2 2 3 2 3 2 
9 8 7 6 5 4 3 2 1 
1 1 3 2 2 3 2 3 2 
9 8 7 6 5 4 3 2 1 
1 2 3 2 2 3 2 3 3 
9 8 7 6 5 4 3 2 1 
1 1 3 2 2 3 2 3 3 
9 8 7 6 5 4 3 2 1 
1 2 3 2 2 3 3 2 2 
9 8 7 6 5 4 3 2 1 
1 1 3 2 2 3 3 2 2 
9 8 7 6 5 4 3 2 1 
1 2 3 2 2 3 3 2 3 
9 8 7 6 5 4 3 2 1 
1 1 3 2 2 3 3 2 3 
9 8 7 6 5 4 3 2 1 
1 2 3 2 2 3 3 3 2 
9 8 7 6 5 4 3 2 1 
1 1 3 2 2 3 3 3 2 
9 8 7 6 5 4 3 2 1 
1 2 3 2 2 3 3 3 3 
9 8 7 6 5 4 3 2 1 
1 1 3 2 2 3 3 3 3 
9 8 7 6 5 4 3 2 1 
1 2 3 2 3 2 2 2 2 
9 8 7 6 5 4 3 2 1 
1 1 3 2 3 2 2 2 2 
9 8 7 6 5 4 3 2 1 
1 2 3 2 3 2 2 2 3 
9 8 7 6 5 4 3 2 1 
1 1 3 2 3 2 2 2 3 
9 8 7 6 5 4 3 2 1 
1 2 3 2 3 2 2 3 2 
9 8 7 6 5 4 3 2 1 
1 1 3 2 3 2 2 3 2 
9 8 7 6 5 4 3 2 1 
1 2 3 2 3 2 2 3 3 
9 8 7 6 5 4 3 2 1 
1 1 3 2 3 2 2 3 3 
9 8 7 6 5 4 3 2 1 
1 2 3 2 3 2 3 2 2 
9 8 7 6 5 4 3 2 1 
1 1 3 2 3 2 3 2 2 
9 8 7 6 5 4 3 2 1 
1 2 3 2 3 2 3 2 3 
9 8 7 6 5 4 3 2 1 
1 1 3 2 3 2 3 2 3 
9 8 7 6 5 4 3 2 1 
1 2 3 2 3 2 3 3 2 
9 8 7 6 5 4 3 2 1 
1 1 3 2 3 2 3 3 2 
9 8 7 6 5 4 3 2 1 
1 2 3 2 3 2 3 3 3 
9 8 7 6 5 4 3 2 1 
1 1 3 2 3 2 3 3 3 
9 8 7 6 5 4 3 2 1 
1 2 3 2 3 3 2 2 2 
9 8 7 6 5 4 3 2 1 
1 1 3 2 3 3 2 2 2 
9 8 7 6 5 4 3 2 1 
1 2 3 2 3 3 2 2 3 
9 8 7 6 5 4 3 2 1 
1 1 3 2 3 3 2 2 3 
9 8 7 6 5 4 3 2 1 
1 2 3 2 3 3 2 3 2 
9 8 7 6 5 4 3 2 1 
1 1 3 2 3 3 2 3 2 
9 8 7 6 5 4 3 2 1 
1 2 3 2 3 3 2 3 3 
9 8 7 6 5 4 3 2 1 
1 1 3 2 3 3 2 3 3 
9 8 7 6 5 4 3 2 1 
1 2 3 2 3 3 3 2 2 
9 8 7 6 5 4 3 2 1 
1 1 3 2 3 3 3 2 2 
9 8 7 6 5 4 3 2 1 
1 2 3 2 3 3 3 2 3 
9 8 7 6 5 4 3 2 1 
1 1 3 2 3 3 3 2 3 
9 8 7 6 5 4 3 2 1 
1 2 3 2 3 3 3 3 2 
9 8 7 6 5 4 3 2 1 
1 1 3 2 3 3 3 3 2 
9 8 7 6 5 4 3 2 1 
1 2 3 2 3 3 3 3 3 
9 8 7 6 5 4 3 2 1 
1 1 3 2 3 3 3 3 3 
9 8 7 6 5 4 3 2 1 
1 2 3 3 2 2 2 2 2 
9 8 7 6 5 4 3 2 1 
1 1 3 3 2 2 2 2 2 
9 8 7 6 5 4 3 2 1 
1 2 3 3 2 2 2 2 3 
9 8 7 6 5 4 3 2 1 
1 1 3 3 2 2 2 2 3 
9 8 7 6 5 4 3 2 1 
1 2 3 3 2 2 2 3 2 
9 8 7 6 5 4 3 2 1 
1 1 3 3 2 2 2 3 2 
9 8 7 6 5 4 3 2 1 
1 2 3 3 2 2 2 3 3 
9 8 7 6 5 4 3 2 1 
1 1 3 3 2 2 2 3 3 
9 8 7 6 5 4 3 2 1 
1 2 3 3 2 2 3 2 2 
9 8 7 6 5 4 3 2 1 
1 1 3 3 2 2 3 2 2 
9 8 7 6 5 4 3 2 1 
1 2 3 3 2 2 3 2 3 
9 8 7 6 5 4 3 2 1 
1 1 3 3 2 2 3 2 3 
9 8 7 6 5 4 3 2 1 
1 2 3 3 2 2 3 3 2 
9 8 7 6 5 4 3 2 1 
1 1 3 3 2 2 3 3 2 
9 8 7 6 5 4 3 2 1 
1 2 3 3 2 2 3 3 3 
9 8 7 6 5 4 3 2 1 
1 1 3 3 2 2 3 3 3 
9 8 7 6 5 4 3 2 1 
1 2 3 3 2 3 2 2 2 
9 8 7 6 5 4 3 2 1 
1 1 3 3 2 3 2 2 2 
9 8 7 6 5 4 3 2 1 
1 2 3 3 2 3 2 2 3 
9 8 7 6 5 4 3 2 1 
1 1 3 3 2 3 2 2 3 
9 8 7 6 5 4 3 2 1 
1 2 3 3 2 3 2 3 2 
9 8 7 6 5 4 3 2 1 
1 1 3 3 2 3 2 3 2 
9 8 7 6 5 4 3 2 1 
1 2 3 3 2 3 2 3 3 
9 8 7 6 5 4 3 2 1 
1 1 3 3 2 3 2 3 3 
9 8 7 6 5 4 3 2 1 
1 2 3 3 2 3 3 2 2 
9 8 7 6 5 4 3 2 1 
1 1 3 3 2 3 3 2 2 
9 8 7 6 5 4 3 2 1 
1 2 3 3 2 3 3 2 3 
9 8 7 6 5 4 3 2 1 
1 1 3 3 2 3 3 2 3 
9 8 7 6 5 4 3 2 1 
1 2 3 3 2 3 3 3 2 
9 8 7 6 5 4 3 2 1 
1 1 3 3 2 3 3 3 2 
9 8 7 6 5 4 3 2 1 
1 2 3 3 2 3 3 3 3 
9 8 7 6 5 4 3 2 1 
1 1 3 3 2 3 3 3 3 
9 8 7 6 5 4 3 2 1 
1 2 3 3 3 2 2 2 2 
9 8 7 6 5 4 3 2 1 
1 1 3 3 3 2 2 2 2 
9 8 7 6 5 4 3 2 1 
1 2 3 3 3 2 2 2 3 
9 8 7 6 5 4 3 2 1 
1 1 3 3 3 2 2 2 3 
9 8 7 6 5 4 3 2 1 
1 2 3 3 3 2 2 3 2 
9 8 7 6 5 4 3 2 1 
1 1 3 3 3 2 2 3 2 
9 8 7 6 5 4 3 2 1 
1 2 3 3 3 2 2 3 3 
9 8 7 6 5 4 3 2 1 
1 1 3 3 3 2 2 3 3 
9 8 7 6 5 4 3 2 1 
1 2 3 3 3 2 3 2 2 
9 8 7 6 5 4 3 2 1 
1 1 3 3 3 2 3 2 2 
9 8 7 6 5 4 3 2 1 
1 2 3 3 3 2 3 2 3 
9 8 7 6 5 4 3 2 1 
1 1 3 3 3 2 3 2 3 
9 8 7 6 5 4 3 2 1 
1 2 3 3 3 2 3 3 2 
9 8 7 6 5 4 3 2 1 
1 1 3 3 3 2 3 3 2 
9 8 7 6 5 4 3 2 1 
1 2 3 3 3 2 3 3 3 
9 8 7 6 5 4 3 2 1 
1 1 3 3 3 2 3 3 3 
9 8 7 6 5 4 3 2 1 
1 2 3 3 3 3 2 2 2 
9 8 7 6 5 4 3 2 1 
1 1 3 3 3 3 2 2 2 
9 8 7 6 5 4 3 2 1 
1 2 3 3 3 3 2 2 3 
9 8 7 6 5 4 3 2 1 
1 1 3 3 3 3 2 2 3 
9 8 7 6 5 4 3 2 1 
1 2 3 3 3 3 2 3 2 
9 8 7 6 5 4 3 2 1 
1 1 3 3 3 3 2 3 2 
9 8 7 6 5 4 3 2 1 
1 2 3 3 3 3 2 3 3 
9 8 7 6 5 4 3 2 1 
1 1 3 3 3 3 2 3 3 
9 8 7 6 5 4 3 2 1 
1 2 3 3 3 3 3 2 2 
9 8 7 6 5 4 3 2 1 
1 1 3 3 3 3 3 2 2 
9 8 7 6 5 4 3 2 1 
1 2 3 3 3 3 3 2 3 
9 8 7 6 5 4 3 2 1 
1 1 3 3 3 3 3 2 3 
9 8 7 6 5 4 3 2 1 
1 2 3 3 3 3 3 3 2 
9 8 7 6 5 4 3 2 1 
1 1 3 3 3 3 3 3 2 
9 8 7 6 5 4 3 2 1 
1 2 3 3 3 3 3 3 3 
9 8 7 6 5 4 3 2 1 
1 1 3 3 3 3 3 3 3 
9 8 7 6 5 4 3 2 1 
1 3 2 2 2 2 2 2 2 
9 8 7 6 5 4 3 2 1 
1 3 2 2 2 2 2 2 3 
9 8 7 6 5 4 3 2 1 
1 3 2 2 2 2 2 3 2 
9 8 7 6 5 4 3 2 1 
1 3 2 2 2 2 2 3 3 
9 8 7 6 5 4 3 2 1 
1 3 2 2 2 2 3 2 2 
9 8 7 6 5 4 3 2 1 
1 3 2 2 2 2 3 2 3 
9 8 7 6 5 4 3 2 1 
1 3 2 2 2 2 3 3 2 
9 8 7 6 5 4 3 2 1 
1 3 2 2 2 2 3 3 3 
9 8 7 6 5 4 3 2 1 
1 3 2 2 2 3 2 2 2 
9 8 7 6 5 4 3 2 1 
1 3 2 2 2 3 2 2 3 
9 8 7 6 5 4 3 2 1 
1 3 2 2 2 3 2 3 2 
9 8 7 6 5 4 3 2 1 
1 3 2 2 2 3 2 3 3 
9 8 7 6 5 4 3 2 1 
1 3 2 2 2 3 3 2 2 
9 8 7 6 5 4 3 2 1 
1 3 2 2 2 3 3 2 3 
9 8 7 6 5 4 3 2 1 
1 3 2 2 2 3 3 3 2 
9 8 7 6 5 4 3 2 1 
1 3 2 2 2 3 3 3 3 
9 8 7 6 5 4 3 2 1 
1 3 2 2 3 2 2 2 2 
9 8 7 6 5 4 3 2 1 
1 3 2 2 3 2 2 2 3 
9 8 7 6 5 4 3 2 1 
1 3 2 2 3 2 2 3 2 
9 8 7 6 5 4 3 2 1 
1 3 2 2 3 2 2 3 3 
9 8 7 6 5 4 3 2 1 
1 3 2 2 3 2 3 2 2 
9 8 7 6 5 4 3 2 1 
1 3 2 2 3 2 3 2 3 
9 8 7 6 5 4 3 2 1 
1 3 2 2 3 2 3 3 2 
9 8 7 6 5 4 3 2 1 
1 3 2 2 3 2 3 3 3 
9 8 7 6 5 4 3 2 1 
1 3 2 2 3 3 2 2 2 
9 8 7 6 5 4 3 2 1 
1 3 2 2 3 3 2 2 3 
9 8 7 6 5 4 3 2 1 
1 3 2 2 3 3 2 3 2 
9 8 7 6 5 4 3 2 1 
1 3 2 2 3 3 2 3 3 
9 8 7 6 5 4 3 2 1 
1 3 2 2 3 3 3 2 2 
9 8 7 6 5 4 3 2 1 
1 3 2 2 3 3 3 2 3 
9 8 7 6 5 4 3 2 1 
1 3 2 2 3 3 3 3 2 
9 8 7 6 5 4 3 2 1 
1 3 2 2 3 3 3 3 3 
9 8 7 6 5 4 3 2 1 
1 3 2 3 2 2 2 2 2 
9 8 7 6 5 4 3 2 1 
1 3 2 3 2 2 2 2 3 
9 8 7 6 5 4 3 2 1 
1 3 2 3 2 2 2 3 2 
9 8 7 6 5 4 3 2 1 
1 3 2 3 2 2 2 3 3 
9 8 7 6 5 4 3 2 1 
1 3 2 3 2 2 3 2 2 
9 8 7 6 5 4 3 2 1 
1 3 2 3 2 2 3 2 3 
9 8 7 6 5 4 3 2 1 
1 3 2 3 2 2 3 3 2 
9 8 7 6 5 4 3 2 1 
1 3 2 3 2 2 3 3 3 
9 8 7 6 5 4 3 2 1 
1 3 2 3 2 3 2 2 2 
9 8 7 6 5 4 3 2 1 
1 3 2 3 2 3 2 2 3 
9 8 7 6 5 4 3 2 1 
1 3 2 3 2 3 2 3 2 
9 8 7 6 5 4 3 2 1 
1 3 2 3 2 3 2 3 3 
9 8 7 6 5 4 3 2 1 
1 3 2 3 2 3 3 2 2 
9 8 7 6 5 4 3 2 1 
1 3 2 3 2 3 3 2 3 
9 8 7 6 5 4 3 2 1 
1 3 2 3 2 3 3 3 2 
9 8 7 6 5 4 3 2 1 
1 3 2 3 2 3 3 3 3 
9 8 7 6 5 4 3 2 1 
1 3 2 3 3 2 2 2 2 
9 8 7 6 5 4 3 2 1 
1 3 2 3 3 2 2 2 3 
9 8 7 6 5 4 3 2 1 
1 3 2 3 3 2 2 3 2 
9 8 7 6 5 4 3 2 1 
1 3 2 3 3 2 2 3 3 
9 8 7 6 5 4 3 2 1 
1 3 2 3 3 2 3 2 2 
9 8 7 6 5 4 3 2 1 
1 3 2 3 3 2 3 2 3 
9 8 7 6 5 4 3 2 1 
1 3 2 3 3 2 3 3 2 
9 8 7 6 5 4 3 2 1 
1 3 2 3 3 2 3 3 3 
9 8 7 6 5 4 3 2 1 
1 3 2 3 3 3 2 2 2 
9 8 7 6 5 4 3 2 1 
1 3 2 3 3 3 2 2 3 
9 8 7 6 5 4 3 2 1 
1 3 2 3 3 3 2 3 2 
9 8 7 6 5 4 3 2 1 
1 3 2 3 3 3 2 3 3 
9 8 7 6 5 4 3 2 1 
1 3 2 3 3 3 3 2 2 
9 8 7 6 5 4 3 2 1 
1 3 2 3 3 3 3 2 3 
9 8 7 6 5 4 3 2 1 
1 3 2 3 3 3 3 3 2 
9 8 7 6 5 4 3 2 1 
1 3 2 3 3 3 3 3 3 
9 8 7 6 5 4 3 2 1 
1 3 3 2 2 2 2 2 2 
9 8 7 6 5 4 3 2 1 
1 3 3 2 2 2 2 2 3 
9 8 7 6 5 4 3 2 1 
1 3 3 2 2 2 2 3 2 
9 8 7 6 5 4 3 2 1 
1 3 3 2 2 2 2 3 3 
9 8 7 6 5 4 3 2 1 
1 3 3 2 2 2 3 2 2 
9 8 7 6 5 4 3 2 1 
1 3 3 2 2 2 3 2 3 
9 8 7 6 5 4 3 2 1 
1 3 3 2 2 2 3 3 2 
9 8 7 6 5 4 3 2 1 
1 3 3 2 2 2 3 3 3 
9 8 7 6 5 4 3 2 1 
1 3 3 2 2 3 2 2 2 
9 8 7 6 5 4 3 2 1 
1 3 3 2 2 3 2 2 3 
9 8 7 6 5 4 3 2 1 
1 3 3 2 2 3 2 3 2 
9 8 7 6 5 4 3 2 1 
1 3 3 2 2 3 2 3 3 
9 8 7 6 5 4 3 2 1 
1 3 3 2 2 3 3 2 2 
9 8 7 6 5 4 3 2 1 
1 3 3 2 2 3 3 2 3 
9 8 7 6 5 4 3 2 1 
1 3 3 2 2 3 3 3 2 
9 8 7 6 5 4 3 2 1 
1 3 3 2 2 3 3 3 3 
9 8 7 6 5 4 3 2 1 
1 3 3 2 3 2 2 2 2 
9 8 7 6 5 4 3 2 1 
1 3 3 2 3 2 2 2 3 
9 8 7 6 5 4 3 2 1 
1 3 3 2 3 2 2 3 2 
9 8 7 6 5 4 3 2 1 
1 3 3 2 3 2 2 3 3 
9 8 7 6 5 4 3 2 1 
1 3 3 2 3 2 3 2 2 
9 8 7 6 5 4 3 2 1 
1 3 3 2 3 2 3 2 3 
9 8 7 6 5 4 3 2 1 
1 3 3 2 3 2 3 3 2 
9 8 7 6 5 4 3 2 1 
1 3 3 2 3 2 3 3 3 
9 8 7 6 5 4 3 2 1 
1 3 3 2 3 3 2 2 2 
9 8 7 6 5 4 3 2 1 
1 3 3 2 3 3 2 2 3 
9 8 7 6 5 4 3 2 1 
1 3 3 2 3 3 2 3 2 
9 8 7 6 5 4 3 2 1 
1 3 3 2 3 3 2 3 3 
9 8 7 6 5 4 3 2 1 
1 3 3 2 3 3 3 2 2 
9 8 7 6 5 4 3 2 1 
1 3 3 2 3 3 3 2 3 
9 8 7 6 5 4 3 2 1 
1 3 3 2 3 3 3 3 2 
9 8 7 6 5 4 3 2 1 
1 3 3 2 3 3 3 3 3 
9 8 7 6 5 4 3 2 1 
1 3 3 3 2 2 2 2 2 
9 8 7 6 5 4 3 2 1 
1 3 3 3 2 2 2 2 3 
9 8 7 6 5 4 3 2 1 
1 3 3 3 2 2 2 3 2 
9 8 7 6 5 4 3 2 1 
1 3 3 3 2 2 2 3 3 
9 8 7 6 5 4 3 2 1 
1 3 3 3 2 2 3 2 2 
9 8 7 6 5 4 3 2 1 
1 3 3 3 2 2 3 2 3 
9 8 7 6 5 4 3 2 1 
1 3 3 3 2 2 3 3 2 
9 8 7 6 5 4 3 2 1 
1 3 3 3 2 2 3 3 3 
9 8 7 6 5 4 3 2 1 
1 3 3 3 2 3 2 2 2 
9 8 7 6 5 4 3 2 1 
1 3 3 3 2 3 2 2 3 
9 8 7 6 5 4 3 2 1 
1 3 3 3 2 3 2 3 2 
9 8 7 6 5 4 3 2 1 
1 3 3 3 2 3 2 3 3 
9 8 7 6 5 4 3 2 1 
1 3 3 3 2 3 3 2 2 
9 8 7 6 5 4 3 2 1 
1 3 3 3 2 3 3 2 3 
9 8 7 6 5 4 3 2 1 
1 3 3 3 2 3 3 3 2 
9 8 7 6 5 4 3 2 1 
1 3 3 3 2 3 3 3 3 
9 8 7 6 5 4 3 2 1 
1 3 3 3 3 2 2 2 2 
9 8 7 6 5 4 3 2 1 
1 3 3 3 3 2 2 2 3 
9 8 7 6 5 4 3 2 1 
1 3 3 3 3 2 2 3 2 
9 8 7 6 5 4 3 2 1 
1 3 3 3 3 2 2 3 3 
9 8 7 6 5 4 3 2 1 
1 3 3 3 3 2 3 2 2 
9 8 7 6 5 4 3 2 1 
1 3 3 3 3 2 3 2 3 
9 8 7 6 5 4 3 2 1 
1 3 3 3 3 2 3 3 2 
9 8 7 6 5 4 3 2 1 
1 3 3 3 3 2 3 3 3 
9 8 7 6 5 4 3 2 1 
1 3 3 3 3 3 2 2 2 
9 8 7 6 5 4 3 2 1 
1 3 3 3 3 3 2 2 3 
9 8 7 6 5 4 3 2 1 
1 3 3 3 3 3 2 3 2 
9 8 7 6 5 4 3 2 1 
1 3 3 3 3 3 2 3 3 
9 8 7 6 5 4 3 2 1 
1 3 3 3 3 3 3 2 2 
9 8 7 6 5 4 3 2 1 
1 3 3 3 3 3 3 2 3 
9 8 7 6 5 4 3 2 1 
1 3 3 3 3 3 3 3 2 
9 8 7 6 5 4 3 2 1 
1 3 3 3 3 3 3 3 3 
